5.894999603546725808e+00
-8.447979190603710720e+00
5.630850738998031124e-01
-1.273162146710809239e-01
-1.250392020567192009e-01
1.917051590188682819e-01
7.270027482643285355e-01
-3.167899082290550616e-01
-7.903895105102063390e+00
1.075862971713807292e+00
1.217168817236004053e+01
-1.988473961076348928e+01
-2.541319130750615066e-02
3.783335118647938033e-01
1.404920919411007940e+00
-2.396611824123556223e-01
4.033535074225589323e-01
1.123602062182688988e+00
-7.888322797118905161e-01
-1.017109151931194333e+00
