-1.633755735088737637e+01
7.869886863351626793e+00
3.639248857735550846e-01
5.265607267769941702e-01
6.300422673532174445e-01
5.654747298911876330e-01
4.658105202420042446e+00
6.223592734608449639e-01
1.817178218488707486e+01
1.260235924915602101e+00
-1.737181982940992597e+01
2.775077901878807651e+01
5.591475311211452359e-01
1.156284834265482592e-01
2.607461391856995991e+00
-8.415009866434992603e-01
4.113091805870303652e-01
2.465024168442050190e+00
-4.308139189591673635e+00
7.932316513335865515e+00
